7376
43324
13933
10912
22486
37340
26457
17370
12332
40604
26707
81281
1577
8091
36434
44267
39496
38014
23163
1994
46642
3848
3114
21115
853
35680
34275
46936
37485
67376
35787
44264
16540
85127
41623
26394
42836
37569
8973
22260
43583
16028
29355
11617
12733
47046
18979
14489
9391
1441
1655
89135
29222
84328
4108
32748
16530
33661
28950
40315
39332
158
3592
34080
3418
11838
15336
622
67478
19079
46683
39193
21515
21553
17603
43234
32445
22043
27463
39863
14821
32960
36832
41968
30310
40951
8491
11931
66224
84680
46719
43906
44166
86235
29733
3987
26808
2982
4649
23530
16547
44266
2238
37587
38387
35268
36209
77489
23395
3643
10259
26425
16994
13721
42248
32121
22536
9648
6772
40456
85405
9756
3223
26179
41053
4861
34963
22092
38359
30343
262
15165
23125
26660
3315
40498
20289
40077
4534
5669
34244
585
22913
6584
39231
44933
84213
42426
32906
16223
35181
12169
20784
29440
27947
20736
20100
10512
13377
31493
31483
16960
28986
36628
16030
34826
6812
35417
5511
33069
33684
16210
18156
13437
9002
12472
14079
12409
42521
32088
11161
22538
46248
4261
24202
21177
4435
14981
20520
29534
2013
42124
17202
3895
3000
10079
42244
41959
15895
88059
25660
420
26966
46967
83491
8386
9081
19691
37844
60225
4444
27046
2108
13023
7567
8412
10383
19454
31068
37967
37154
27927
38333
30990
42943
46784
45381
27579
6820
11873
18132
6623
25937
41049
3342
29953
29925
12840
9165
69630
34538
47174
9923
77027
71103
2479
31479
14581
12496
19312
36055
29276
78981
40842
26644
14814
33051
36951
21732
30866
5519
13755
8182
19805
26015
36761
7924
16263
2015
24333
5017
79143
12089
14635
41553
32610
15288
39205
3374
26987
6770
29389
21644
37574
1469
30897
6417
40731
44911
235
21303
5159
37730
18295
6258
403
26960
12566
38025
14612
33564
39202
13378
45855
89203
6802
15846
12663
6413
36606
26471
2245
23937
27586
35991
44148
7600
13764
86561
81959
482
29581
14473
32335
35117
42749
27410
23742
27905
76322
8281
6331
18465
44051
4603
6948
47579
38541
47215
8078
80698
10104
66587
33783
41625
21840
21888
70053
45530
18002
1486
29497
19111
37261
46769
1110
14368
34139
10852
86124
27618
25218
19019
8796
39377
47252
63281
6856
42504
45965
43266
13451
29035
5384
2817
35300
44533
5566
43887
12416
14295
42579
42471
19338
45013
30210
41477
44930
36446
4847
5074
4982
68359
25773
9996
11257
45800
10092
86198
30864
16791
5944
39084
33937
30477
34054
14695
39172
28504
12518
66817
36117
42022
11091
17716
22509
34557
4236
10874
36050
20326
43463
8530
12217
27431
2594
13727
41984
24900
23117
18508
13055
12287
4829
28109
22323
33992
30700
15660
41457
70368
38665
43855
31397
10522
36926
25109
6551
25724
20740
15545
36387
15570
20719
1516
3063
15345
21186
84459
46212
16786
11337
8518
8824
76870
9130
1154
34651
23086
20132
2105
4846
32577
34267
11883
33122
22968
28833
2075
11627
6654
9529
20727
20813
30308
31338
20013
27215
31344
87928
8950
40879
23987
11562
7118
18274
11965
37705
44797
9716
8686
9033
10440
37945
84506
30345
15693
26822
43124
28354
31537
21759
67120
45583
18689
46797
32265
31200
31501
18212
7018
43915
76584
32572
295
43243
30381
22582
1412
1203
46194
80578
11986
13083
43804
13531
548
6514
40776
83513
26936
29420
1634
40405
19956
43773
44363
42164
28249
25229
3719
17207
21042
3642
32205
17757
10169
44204
24533
44494
88455
32475
2417
385
454
6779
5244
4803
25097
36456
20198
24252
40211
23371
2948
14038
17866
32180
45814
27380
6489
35867
24499
4822
20322
45901
133
33728
34464
69339
29256
8674
8990
89514
6463
11729
6525
42485
3072
83284
1945
9689
31990
33893
26867
83542
25401
27680
37691
6141
9501
31384
37899
19528
36275
8894
32740
18875
26089
38233
15743
42067
86950
4410
25598
22512
18433
36124
35227
14718
11579
19104
46110
8195
15360
44890
8606
20194
27002
8175
34259
24431
19900
43985
24788
12102
10664
30349
80216
29008
7654
25690
31685
24437
24284
45009
88505
23357
43407
21088
40197
9766
320
34325
1544
35718
19565
26066
122
42795
26107
15237
9042
33020
22557
9126
44173
18013
28597
15105
7681
2024
15035
33355
25840
11679
41431
38610
86342
27069
78316
16912
19279
29315
32255
35643
14029
12974
43396
20530
37492
13346
15407
16043
88051
39743
40797
40422
87308
46229
2900
24600
21024
78203
12337
28952
8621
31820
11076
44804
7743
15593
31100
37101
27724
30640
3202
39020
1307
23568
38005
27873
11258
29796
32843
22410
23856
6818
32258
31699
19675
13672
38261
4640
2249
12234
20272
316
4243
26897
1141
24662
19837
37119
71670
41816
29844
18575
7303
562
44872
29677
41229
42550
28964
21624
17823
43127
42627
25809
28834
24355
669
13340
21470
47035
20620
844
32052
18907
42177
24552
36071
15923
19053
9069
15774
29250
36920
16272
24296
6214
42871
4531
40761
40141
16905
1105
576
2314
46917
6419
25086
40554
47433
35583
15957
82838
28712
14909
25264
46689
11175
41001
8588
8531
40533
14903
36877
10705
82564
21221
18630
11563
44627
7763
3385
5094
35574
45691
11269
47302
40806
41935
77364
20260
23191
27058
32193
16141
24800
42802
7034
20252
24940
36966
6615
47425
86642
36477
16017
43227
36469
9266
39036
39691
12345
467
12208
45123
43421
25635
15366
87984
44884
9630
71394
29525
34988
34611
1162
34362
25981
46946
20799
11996
11497
10504
221
39841
33448
18792
7404
27092
1109
36355
19408
6552
12019
28610
34171
30757
37880
10362
12550
25205
33382
31427
33915
44646
62465
5817
22401
5338
20171
41400
14311
44654
20087
8317
7803
38464
8886
177
37505
47438
14279
13577
29473
41494
23115
6968
37043
14042
7795
18750
45707
18231
3325
39645
2905
29432
22580
27517
13203
983
42152
11297
14861
484
6951
27576
40289
35765
19210
11816
16939
36502
21112
12006
23750
9547
12735
33551
19176
45021
37025
87598
46586
3535
25468
7256
39466
7637
28443
3890
46801
26655
35940
12099
38948
17188
22588
9004
3249
8502
10761
32379
21326
28268
10590
42008
5974
14631
3145
5485
28371
15031
22553
18061
35442
43040
11793
18053
34161
21540
24028
19969
46835
25082
17127
17635
15359
25844
25778
20037
28052
32695
41287
2525
16728
1033
34251
31226
12654
35128
21443
24472
39363
35165
41237
36372
3519
37177
35588
3833
41120
14240
14813
37764
3546
37940
11694
44202
82873
37231
3118
31386
39857
5673
33561
44649
28059
3080
21529
41437
1554
34893
37801
5563
4971
19147
46657
9400
28208
2760
13065
19976
23341
1458
9551
33322
26258
6762
69528
22631
16788
42019
31169
37966
41662
34304
30681
18414
389
17147
29190
11165
586
22627
6163
41434
26450
5628
85183
1028
39072
82210
4024
30084
34367
47170
2954
8294
18353
9112
3926
11293
20358
20372
65471
43415
43125
34443
4099
19727
47489
31943
20191
4939
18882
35832
78987
41235
15736
19035
44286
46367
77069
4983
10703
41987
32480
31823
20107
28132
15690
6610
34321
4886
2240
44179
7832
27412
37490
31418
35506
18705
3767
10238
26518
85474
21991
36667
41302
6781
24080
11435
2659
26628
11242
19863
43653
27765
41768
43112
24508
40528
46386
23492
5422
7424
34355
30642
41027
21859
43387
29804
12008
33423
16459
2392
18123
70013
41852
21314
25558
24730
22712
9110
43063
26073
14669
16858
28957
37782
29164
19191
11570
29103
88383
7647
24893
8520
13542
45625
24304
44788
21510
3687
32523
30800
19439
9556
1126
39079
27665
31270
13585
45809
22360
89455
33479
17309
29125
26445
41904
19725
6709
2034
24923
39960
10001
5725
8382
35436
2044
7883
24422
29418
33181
45783
31299
7306
9277
12501
30761
25459
8133
31258
1349
31019
4858
42057
5152
550
4809
9904
21712
16472
7646
47517
32433
7490
1305
15623
62516
7096
3689
75328
34465
23810
38098
33349
81529
25169
66114
12007
34936
44834
73996
45878
42321
20199
5993
28632
47303
20741
32716
16941
78501
22462
16074
22797
47341
21349
42815
4059
33087
47299
30318
76077
3152
10796
23148
35979
27581
15011
10505
6650
19576
1833
3711
17250
42189
18383
38874
27823
85966
39820
46426
37342
11484
45079
77032
28372
46475
40909
19748
32037
8821
30325
46231
10607
22693
31561
4569
28754
30089
18257
26387
34020
10875
14494
27648
5374
33264
19344
3703
6578
1556
10052
1869
34221
36188
45361
34065
620
28699
88386
42326
17895
89347
3516
43345
39438
33748
25346
2210
9670
71798
10201
4432
47185
31564
15286
29458
45040
28655
8825
15078
36591
14561
86692
7684
35124
25280
44662
13570
35818
43600
23907
25567
41671
539
38856
17158
88573
28069
29196
2715
25959
38402
28388
16586
35912
16919
20526
36684
37931
41483
13051
47398
16445
7447
42316
14008
10095
40452
46931
32918
26763
13656
25473
37815
23674
62396
32145
41450
25160
47150
2369
42984
36956
34113
22812
27368
40875
10507
16425
38553
32332
17008
12706
24968
8929
5251
31958
36528
39090
38354
30796
14340
40385
40639
14041
72316
5907
2032
37765
30081
38843
23519
18496
14553
46677
15571
1472
14844
42835
27625
6971
24649
7194
10805
42412
34888
31406
21702
17950
21665
9261
14229
27743
28419
89136
22954
38474
45443
31604
30494
70960
21167
17446
85922
1676
7
9262
27418
36228
88551
16861
5393
98
23797
40700
46891
19870
67
12998
13824
6713
18862
37804
21932
29014
37658
2167
788
77332
19305
7047
13552
8808
37757
8506
4068
9068
87654
31094
25804
28050
12894
25824
9018
43113
28663
5704
35387
89116
39011
42296
86624
1288
34270
22131
2663
16037
45342
28925
2871
70406
46982
26524
25174
13178
7137
35144
84117
43655
20143
33123
15504
7766
15729
30215
3996
18091
14065
7905
24927
27501
43096
77133
31935
33395
44003
11282
14910
7534
29812
28262
39479
30222
31900
15479
35899
12646
43471
18669
15136
27566
33427
5796
9227
47151
17093
37750
30460
25455
10153
47105
88653
26152
32990
30246
75387
27107
43342
10460
17420
29169
47318
39482
36243
28649
1596
46970
25135
12317
1440
1689
679
29245
7962
10872
19175
9737
44765
33007
1915
44534
33403
15119
11218
27676
7850
17194
27040
45607
9154
24860
36642
2388
18652
43310
4918
1853
18168
9991
16488
1253
14335
7813
41942
35271
9930
24359
40331
3332
47607
18933
16149
9960
80025
20396
42037
46562
4402
43422
11421
43759
11261
33176
39174
27321
17069
39402
7758
15244
42801
45300
9739
1410
28585
33879
2729
3350
43353
41101
35604
40460
10278
3351
25692
31554
15421
42817
18264
32324
13259
19743
21881
21331
38824
31993
28040
2213
44400
42271
2106
30015
20960
16007
16112
75716
43893
42467
47073
21961
15530
4856
10135
39130
18548
41791
26546
22677
33177
26993
16478
18308
27758
46799
42885
18533
1647
31500
14010
32196
43634
2415
23806
15628
13684
3966
312
42975
10730
10290
31906
36678
43629
14615
28090
27276
71446
13722
34279
37339
34452
32017
10401
46428
80523
25975
26159
22203
77164
8389
2766
24087
5192
13995
2626
42134
4337
2912
42568
17629
2875
36034
4883
39646
12342
31278
26356
29595
33902
47030
6786
4109
11538
29262
7944
1363
20215
42899
703
323
9609
7146
9387
11704
4286
26094
40834
34927
89048
42807
21076
11071
12709
26070
28515
22987
28656
15940
9603
18018
32397
26631
39035
25434
80196
18606
37396
24801
43253
15355
4594
19598
16219
31577
386
19382
12135
40328
30086
3484
30298
18657
36423
3787
17562
14336
86809
40829
4235
41032
20958
43073
4782
30202
31027
21060
31055
20853
28946
2045
11746
16058
36848
1849
11341
36566
39671
47103
43060
46837
21002
27221
47114
42121
89528
21159
5544
20778
42641
12361
32690
17715
32638
2344
20892
19261
84583
45796
43325
30097
47600
21485
35098
35423
10030
27871
25581
72995
36521
41297
39953
34435
8722
5838
45570
24834
11307
46794
14730
23669
46375
19275
45081
6208
16450
9105
793
47332
3157
4330
12984
1860
14135
39996
41048
6029
75592
36787
2926
8856
5456
85489
30663
36240
9188
31026
17045
9455
7643
43274
20063
14584
15539
23996
35173
18890
32923
30111
31273
34636
1783
16519
38188
18427
39406
39122
43389
28686
19872
42370
7114
21546
11015
41946
39680
34484
11049
36340
40504
27732
3852
390
24161
5075
15388
42923
45634
39730
31857
26740
20480
29438
17020
34836
35929
8669
24434
22366
7699
39418
46197
36717
27789
42893
27255
42754
1193
10073
35723
61933
38854
2727
39986
3718
8939
45003
14840
45214
11449
14559
1882
2939
31096
13620
7231
47229
27971
11069
42269
33184
4528
8641
12357
4317
11840
14459
1174
5672
5122
14796
27475
34497
34098
15834
13929
18209
26363
45298
29527
36315
3501
38944
11634
41363
14346
40375
4630
24418
40855
36154
3734
42415
18057
8805
18142
42055
11326
47313
5816
37365
9142
45660
26820
37395
5943
33671
110
45501
37555
35656
7544
34918
13858
88647
17263
18480
87862
8732
7856
12039
29217
88814
39050
44823
7617
32834
40184
29967
11800
17245
11938
85495
36144
28049
33663
41754
2451
31878
6649
42675
15653
19759
40481
5971
28700
4511
12191
42101
35593
39968
42930
42608
302
23926
19061
44348
20572
30998
18434
10940
37479
30610
414
20961
25041
43055
1455
23921
31283
45513
19869
6254
11690
45789
43783
26385
35558
34055
17593
11947
42886
25992
38724
40881
1582
19274
32458
11609
19524
25428
26110
14706
29649
12262
13621
36997
16429
17830
17841
28376
469
28607
2830
45502
19253
43596
34099
27537
33365
33984
20106
31334
1517
5046
8693
30190
6297
5236
13959
10397
38900
42586
10516
39157
9514
23477
11676
13438
23713
8708
32991
34305
42638
15083
19436
45089
62817
18451
34897
43724
191
35803
34475
7056
799
46761
36660
88171
42491
43177
10046
25382
3962
19919
9057
41534
25409
28826
22399
14130
26212
21735
16627
5223
79712
6146
24721
41031
5241
5383
18392
15666
8002
7954
32659
25394
34624
45427
41043
39780
17806
16476
10772
42914
2981
40335
16767
2737
7906
40212
22046
46896
19564
628
40340
19206
10274
14212
25658
37073
875
37923
28075
8482
45256
40837
14867
14740
28481
12475
21428
33168
16689
5209
13117
17361
3050
12578
28756
5154
21143
6939
953
8642
43390
28592
13417
31037
27592
18183
27832
29498
20912
6471
29660
17987
3721
42428
9534
35772
8229
9025
44358
45948
9413
39274
15848
43691
28681
32839
22576
6328
42761
41680
44369
8211
19375
1690
4312
67116
82303
39842
34599
3906
46192
16650
33511
27335
23902
40322
19373
11699
43250
18021
21038
4411
21350
33609
25171
19993
28988
43560
43574
24036
23394
25161
43550
32811
10473
26431
43706
32783
15572
16123
37006
4003
19062
42831
9401
36965
23208
47102
22050
42082
36847
13852
89588
72360
13320
24918
41647
29973
25140
3888
20540
16527
44663
17155
38933
31887
22001
24876
28694
17957
76635
35259
2204
44480
61858
41077
47165
23981
72283
23486
85547
559
22963
26261
30965
42305
13601
26348
46617
41854
39137
6062
18849
34002
45908
33385
28769
28798
46078
21929
46166
41660
89686
45395
33295
35884
35039
22389
38009
30153
42277
22855
17675
15333
24029
11120
23604
29118
7723
23255
36015
41493
84236
1007
5867
8433
17395
35958
29174
32979
8942
1192
32706
62629
21782
15417
3099
6232
1355
12623
5729
38004
20387
44287
11514
36272
14797
7849
26594
46723
24242
8127
43611
37271
19445
30560
42174
1858
18252
44491
25197
45844
1748
13107
37792
27685
28288
18276
7033
35509
28915
27404
35901
18794
21430
41155
33678
20316
23370
25365
34290
4026
87412
22970
38499
27750
33310
11352
45375
43880
25356
35826
29723
21969
13847
8668
78496
37727
16505
6092
16612
9659
36811
88637
18780
7251
28107
25860
23232
35134
32552
45090
2693
29379
15501
20693
3784
7945
931
9558
35628
19853
12900
7764
37527
16948
11428
3316
17582
83917
5863
4706
36544
27006
9592
18458
9801
31892
45877
70268
27850
40617
681
11420
35053
8683
40946
27606
45490
12710
2120
40308
45266
44703
34598
31136
21256
4740
4984
27005
34722
27996
1943
8284
46907
30184
39126
28071
45604
11618
25738
22359
35253
13155
88519
33683
459
19659
39392
38966
39237
8178
10832
18201
34985
27565
18756
13946
67374
16147
11026
7068
44495
41389
22813
10574
30483
12094
36420
86067
10481
6313
28461
41982
34392
5459
22931
46026
14600
15304
24132
11788
35585
315
41656
8679
46828
31163
2949
14471
11316
5434
23679
68217
15541
4419
20588
28018
8365
16887
23355
28154
46965
35859
29738
7177
5023
47531
14358
14342
13844
34001
23068
18737
8756
9409
11897
12643
40647
29851
37791
32938
3200
14406
24738
18916
40660
38579
199
12069
36406
42926
19003
20581
32305
72747
6681
4199
31752
18599
7016
16704
5535
24642
5769
37166
699
75855
27845
43428
66037
42308
17612
43102
11792
43815
18813
5045
83334
38789
47589
81772
22519
11759
16717
34447
7066
35099
24560
38929
30281
31213
17565
10742
41275
46114
14939
15394
46962
16956
18928
17108
28182
32587
19671
33369
40707
1159
43606
22958
20312
7834
14156
20672
71307
38778
18634
88638
21954
11500
5343
6032
19314
15845
4110
18418
29193
5932
1864
6799
17318
19566
39906
17577
6039
89338
41881
86
7215
36597
84436
21364
19012
27834
8510
5033
83758
46003
45811
22885
25175
4292
15740
21427
30019
28670
18647
82880
36073
41056
21834
36627
36637
18259
34752
3811
9254
82863
24778
26653
27849
11327
17547
10340
28690
1838
11283
34915
44426
31195
30989
43797
22234
28824
10942
34873
8639
25164
17548
47122
47524
23493
27801
14545
28782
30226
34353
41544
31419
27450
10146
38371
28903
67327
19213
14043
25429
7991
31448
8174
14523
12540
89888
722
42775
16003
36803
24728
16260
46903
3368
36680
24960
25083
21755
26259
31104
29241
26468
47291
2239
29381
27050
29252
15982
16742
26994
7187
18189
35382
1889
10900
39930
61768
20579
38317
41127
22868
22346
1460
472
22593
34708
25531
32192
13482
39580
20875
88765
33404
10500
4007
28347
7062
19117
16757
40850
85486
63382
1321
15283
22472
28599
5391
85490
88091
7989
38167
10462
31402
35994
32947
17485
28128
38644
33162
29965
19503
25355
45065
19145
26958
88320
4319
5110
46859
30269
41605
16377
38842
8719
36855
15100
33916
19105
17764
19803
36875
38172
43861
28527
25306
16470
38433
37917
25533
35514
42989
11556
22952
5188
5514
35085
6371
44717
26273
71824
1420
19884
8334
3879
16721
300
8000
35285
47037
26819
78661
12196
30312
43978
39651
41673
6925
4695
15204
9661
4391
28646
18844
41044
40316
28853
5737
40589
17031
18443
37192
9878
45305
42149
43562
26483
22066
32921
20444
38350
12031
15217
11498
39828
34793
12763
3505
35941
37859
24582
18413
493
28667
19890
13921
4787
15042
36524
14363
22953
22055
47420
35511
28605
35860
22976
45675
17302
8145
13487
31932
27452
27428
5744
2795
34595
22056
39348
45519
7928
19938
37329
42860
41187
21773
37867
10517
44949
43429
40260
7095
17359
13283
45472
44594
24888
19751
42517
16539
11598
36410
24004
3492
33114
1281
43117
7282
41655
27754
24027
1916
28321
8350
456
21519
28403
17175
46506
30936
5366
24268
9291
46992
30431
1506
572
18947
28266
86961
34354
43101
27469
22718
26260
31444
6449
25516
72764
15254
27867
27877
46872
43182
9903
15381
30229
2640
21767
73299
17920
46447
36925
19590
27623
11277
22259
77234
78096
39823
45719
25622
4181
19229
3317
38971
15659
46716
4216
4702
1844
4944
30358
20617
19632
27164
46332
29863
2960
3947
34333
6904
12504
10684
25514
32891
17271
11054
40427
44439
46522
18779
41335
26008
43709
13654
41306
546
14854
17104
33745
46511
42006
16553
29842
19476
6635
65928
18378
39957
37758
13786
24263
39704
31378
7804
13035
4065
45756
3796
29695
11832
8619
33712
66805
13460
45041
25128
26954
10958
4850
44340
76811
14061
1287
7481
25255
32981
5184
38614
15116
26055
20637
45525
37992
13249
18545
22922
38825
4253
44484
37694
20862
29055
34781
783
11544
18967
44825
31805
69388
29780
19315
13746
25980
30379
867
44443
27067
26884
32046
16370
407
83330
43694
26778
10661
15672
4426
28540
4843
7855
13985
37861
34222
33280
18485
3797
12030
4265
16569
11158
41833
18170
8927
37749
27154
46554
20988
36846
3238
3276
4502
35031
3988
12313
34416
24183
24406
35519
42258
25832
34283
15210
7725
1760
28189
85472
8725
45294
9851
34894
23760
86686
25427
25386
47260
8631
38942
6047
39567
14482
88216
5161
44535
15094
452
81726
35627
17772
10391
26148
29226
32481
9657
22708
996
17905
42916
13352
45852
14550
23993
23632
38775
25125
5526
36223
39226
21215
36807
38112
2307
9135
26737
39770
11555
36206
25865
11739
40522
5412
17293
7747
1134
27616
47278
4037
13428
20891
36489
23246
498
23202
20351
5290
6645
82997
1902
33875
9424
1825
13047
26787
30558
39900
25791
11715
8219
37433
38589
21188
37381
31633
20031
5297
14870
12922
43247
16865
33127
45837
14841
37156
25313
608
29089
4849
46524
3165
40970
80538
76976
7527
42255
32345
9155
15406
37550
2547
44508
14104
6074
23329
13243
25615
35013
4368
1413
21248
12634
23661
36320
14264
16825
10782
21977
33512
33131
13798
5027
15520
19511
31672
40296
40645
47095
9560
20045
22934
22515
21754
37617
43947
3412
35568
31825
89354
41890
82270
41777
9044
3807
2279
24689
43307
33801
39945
19722
23789
4958
27275
47248
40920
32665
1376
32422
36426
31593
30238
41383
24911
9427
14457
4743
88650
317
39892
37384
19875
5695
43945
27513
18455
34534
45467
3411
20118
18814
23587
905
23222
23598
36837
20274
26407
720
20270
3051
30841
7996
20551
3932
47493
2971
27925
20681
37382
29069
1982
27116
37245
28918
30182
45474
33688
2980
20112
38288
86381
5711
17669
4320
9663
38460
46299
47040
6435
2460
21520
14997
9451
14433
45218
45283
42071
24478
42493
18932
21396
17739
12368
4952
4558
43973
8356
44366
18352
42151
25956
78625
12293
34459
34741
2327
12481
7479
73000
31759
36260
34989
19162
86190
1272
31832
27550
1133
12276
7105
33169
21527
22985
14749
43716
81540
33234
30427
7571
27917
42110
39394
37450
31348
35482
10795
3372
1103
25634
39054
40012
38970
20645
33756
22158
34034
655
20628
7149
30247
24894
7119
47227
11402
44943
28020
22799
24924
18597
32985
10774
1011
43587
15809
10279
42375
16301
84566
23895
22581
27220
36903
24593
43846
14238
39180
68356
29015
18985
11749
38788
32892
29955
31707
1948
1367
47608
29919
31929
46393
21814
3303
35987
20577
1328
9147
7339
16525
5572
17571
1920
11881
46763
24666
12809
20503
17864
28188
9911
19783
5431
12797
34397
44150
11127
2427
9954
1366
21405
43059
12585
32745
15537
17441
39340
42723
8678
31374
23440
22721
44139
4430
1171
67127
24553
46465
29822
1781
34033
20971
20558
25232
15772
1845
19563
46516
37999
37755
6410
20467
14390
46921
292
47567
33842
69741
17601
40418
24042
1713
32047
18417
41217
32273
83727
36102
25857
39064
718
20389
8923
16591
1431
31937
30018
26220
43417
506
5608
46616
31288
3049
44242
3713
27235
15241
42344
26140
14469
47307
28307
15584
14990
42274
13799
28788
27472
44401
4269
47258
4625
43036
45533
32601
26035
19495
33596
21135
9106
7889
42097
12380
661
6891
1993
8335
27682
9114
32854
39626
19874
69429
40821
19149
41738
7130
75454
36962
43219
89756
27036
4451
36836
32233
17690
29087
38764
40232
23336
46115
32489
42625
15586
25178
2055
16947
42141
79276
14007
27420
29373
43468
20964
25950
26669
17801
34101
26040
10902
45048
2237
36701
20429
27334
31812
10550
30340
25024
36215
15213
5588
29109
14286
29436
14289
21016
25596
22744
39432
44581
13642
31530
887
39430
542
28520
12063
17883
23286
37625
85192
16860
43075
85195
18406
47005
3296
12983
32108
16121
29904
29112
38877
37002
8218
27687
40500
18459
38808
41664
4044
43069
21671
27587
44599
31619
27189
29860
29611
9037
14153
12892
42751
5573
15167
12906
19638
25988
34699
2251
7549
38192
19500
24723
20097
23920
40778
46079
16634
86732
12190
3865
14911
39501
42862
32186
10964
5537
46869
30821
15261
15255
43578
24058
34842
35399
20868
46666
22219
27364
7208
9969
28202
38752
46321
39117
27495
33835
40264
23210
26106
33501
32655
84729
21237
36346
15960
44481
27959
44589
44568
44643
86204
24208
27373
37812
32038
68382
26436
35021
37375
46943
72952
23249
13151
11540
76482
20925
41637
16160
36030
27742
10356
11207
22286
39356
25823
16679
25593
45377
42311
3245
42367
22059
18558
6494
32513
21717
15973
47169
45509
14880
21535
37839
16311
9060
19686
165
44761
15379
20650
22644
7186
29552
10040
43032
37570
38951
24655
20381
21489
2874
6320
16959
11877
32642
33969
29117
7288
30690
37335
29403
16038
81029
7116
20676
38761
39264
30195
37283
89865
1285
4034
4249
36104
20725
19807
9480
22715
17742
41337
42597
33682
2092
14214
32818
36143
17046
20816
23592
6276
3193
15451
16608
4700
10037
13190
46453
24828
17904
16414
33481
226
4336
41627
31674
40703
41641
9193
11040
17811
24193
14304
82574
11082
23894
22710
24628
12856
37938
40599
27383
28941
23829
33357
20431
779
35116
24887
14644
18528
38706
8967
4839
15619
1118
3629
45344
5682
36149
45705
37709
33616
26584
28053
25417
4407
20352
2510
18595
30774
34300
24468
11722
34790
79829
82271
27204
43420
13471
24773
29954
87955
42465
13477
42713
28503
37462
10012
29939
39538
21006
29646
2250
41260
9337
34711
16159
44548
20395
67077
25954
15240
6797
19558
14923
31971
21049
32338
11393
32798
31132
11509
7774
12065
17035
89247
12954
12903
24803
20479
13334
2509
17802
32575
25939
35090
29484
9800
33638
8841
6600
16537
31315
18246
34050
10557
22385
31859
22912
44916
1488
31764
24098
26177
24152
38792
36954
12531
44648
30930
22137
17053
42002
14327
7135
41580
5294
38757
44606
5698
15533
5293
21565
15055
41420
20114
37069
32884
8198
84868
36158
35249
7979
38274
331
29944
42614
1043
30903
10292
10328
28390
27030
35645
24575
31580
18073
2901
33391
24696
10315
17759
44957
36970
39581
6277
8037
18842
15063
32630
43016
9593
15467
44619
38395
43287
13422
12948
41726
36633
1252
28093
23185
21672
29348
8864
30442
2655
21056
22900
47110
36604
31908
1629
37706
85085
14373
11490
35850
10228
164
39772
7040
17236
38557
21453
22630
42587
18157
14864
41524
66027
26411
8481
4533
27376
23790
7972
12884
1768
27711
28924
39875
44658
33870
47337
88937
40874
7350
17694
33528
31525
6036
40632
25108
15273
763
34919
88699
19820
27490
36043
18014
24317
42004
40424
24164
22488
24351
37798
12527
34784
22093
10472
39040
14099
32751
3732
32995
7840
28717
29868
9698
24365
23670
32631
20360
23001
34158
43067
1685
7360
20099
44042
46242
12310
29865
42946
4318
35458
32104
6423
33973
18131
42818
8011
42016
39096
40298
14044
7333
8419
10551
32261
9809
2266
904
1900
10069
2419
34580
28462
40093
38554
29086
40795
34455
43186
17393
12467
30296
45230
45489
26453
40146
24203
72640
28955
26418
26513
5144
15410
5072
20082
795
13993
42691
35924
5836
14858
47053
23044
8172
7673
23136
2937
38847
8945
9297
30771
6803
20673
38608
23443
23830
5960
35480
11787
42701
26876
46172
40597
33207
12939
38053
34023
73149
16629
20625
37926
33252
60
18961
21217
12505
79596
46330
42612
83270
32041
46293
19902
31786
14446
9433
37276
12181
21741
44387
23489
12994
25582
39623
35754
43547
16966
7319
30067
45524
30572
27491
46605
26373
8004
83132
45167
14694
33930
43912
26044
44039
42837
2450
10554
22755
17354
29219
35669
43937
20235
27426
5828
37903
11993
11856
15937
41267
32461
31595
25477
17283
41453
2097
29095
44236
15634
11532
38326
32725
17174
42498
40922
34879
36910
38753
44190
35740
37777
1131
20993
28898
21272
20910
29835
31076
39407
21504
129
23383
82467
26059
22993
39830
13998
8707
89127
19800
1190
39242
39814
11708
32316
11675
15496
38819
30717
43356
34821
33285
7538
7857
8543
42160
9280
29072
38469
10675
13760
28325
40756
27844
4768
27694
12477
24071
46913
43335
35751
7148
40933
19086
15313
7713
12918
1283
40285
3858
5009
15322
87793
11876
42144
27248
23717
32101
33194
13285
12229
42622
23206
15260
9244
2190
44359
16130
4754
6293
35298
22352
32678
73519
25133
8393
46221
4327
9563
33676
36760
14902
46710
46337
7021
47434
20281
88868
33922
445
39969
14585
35355
30005
45239
21789
15211
29472
33388
16013
17401
42873
37144
7383
62763
29449
43119
30968
24040
14294
14998
30335
33018
87014
26016
12674
39316
46435
27730
2747
43514
12278
45629
24939
22959
5399
30630
924
41643
8839
23296
43558
84732
24205
7355
14544
11597
25127
45749
3029
45966
6070
23453
8630
40122
10415
14396
4229
77455
24366
43161
34536
45000
6916
1025
14782
31843
29037
7042
18755
42599
27868
5969
18555
32191
46183
20536
45678
37279
36831
44545
43360
46855
11044
47282
88600
33829
24398
45827
45782
6352
11748
44224
3897
69464
34697
45807
88546
31731
39926
22605
8933
1670
22566
31265
45889
79894
24609
41887
15340
36225
23555
1551
10380
81190
44794
5926
30910
46726
4383
22882
12312
34853
25223
17244
16546
11559
19183
14846
29748
23378
4481
4025
20291
14583
72832
38180
12237
31575
1637
18643
18038
21072
22391
28962
14714
45014
3195
14247
42986
16332
66
23201
42693
27999
15488
11718
14628
6526
41089
6903
12836
25303
35622
43727
24637
44895
19410
5044
80408
11360
17810
7050
34517
42594
42868
40892
16641
41322
14738
11236
4015
29639
2191
34929
39183
23787
39314
43784
20385
602
31399
9940
22796
23120
46338
45355
9790
44275
29339
27234
23277
13406
3829
45727
37989
41895
19492
31639
36289
37630
32435
34976
28465
2342
12490
83606
43348
23282
23150
15186
27122
31159
45317
23703
30759
40268
34686
7627
32599
9097
45111
44281
32831
5617
14794
16880
43515
5409
3876
1324
10652
12947
20570
30849
5806
4170
35531
44507
12718
1064
34137
45163
31803
29974
5618
9131
29442
42421
81889
31779
18234
11951
16970
21384
46200
72441
37024
30107
21037
46813
85362
34863
13439
12897
46343
3652
9256
34625
16661
12246
39637
17609
12133
78011
13445
43650
45162
5385
21970
29902
40735
13991
43190
82762
2511
12931
74796
8306
35292
36709
27105
11823
6570
8550
32360
3123
17980
46266
10726
46685
43018
16133
7837
32550
44538
38705
31498
5570
18935
3633
7324
79590
39654
21411
73433
18889
26422
20584
37573
87008
16522
17992
39004
43516
37068
22766
43185
32732
46260
16800
40334
31849
6977
27319
13351
15589
13007
38650
1452
6535
12427
35338
8979
14022
4535
7259
24812
11554
31880
16832
22099
6694
14540
43336
87216
1985
16933
14675
35939
16259
13878
19921
41926
25270
9125
35569
16053
41257
37096
2957
31508
8309
23659
2282
88146
47408
15636
156
13241
10737
4572
36282
17552
8827
40959
15676
23804
14946
3031
26593
25983
9537
23322
1814
28948
27446
31056
22503
80602
16511
8770
45365
62040
3950
27677
40929
30255
88291
47327
32626
21959
31912
19023
44750
85061
16236
37332
36793
25882
25406
77888
4460
31863
20512
38913
25985
18149
23427
31519
44022
25718
14350
36644
14917
31135
3436
3440
39227
40572
40535
37845
5041
39295
33880
4272
37457
14119
2335
39225
26812
2391
35153
14280
38228
10491
47521
23023
6178
45263
47160
38283
45430
2274
24443
41819
8102
34887
23409
46961
16419
21651
13085
5012
46241
22635
47588
45960
38576
28780
10897
2304
42095
32405
27561
974
44195
19615
39669
2581
46431
21851
26591
22716
20661
31517
6648
32742
5500
24985
481
14470
65564
45912
46252
38881
34379
5088
14665
26058
24829
32607
41909
23007
47402
2756
2477
84727
47454
26680
17068
45987
39032
22156
9314
44764
33792
89620
24426
43847
38923
67101
30078
39013
15153
87097
15556
38109
46191
39081
3053
1092
43445
45046
72538
88050
12929
19596
5752
39334
30856
14755
28491
29194
23581
41882
11471
10020
19287
37863
13114
4996
9683
80901
28685
26864
41924
37398
20746
5296
8977
8884
13817
10637
75593
2512
5675
22667
44951
7674
27018
37739
13711
32477
2998
12537
4501
39747
77739
12551
17326
37273
27667
43579
12117
44332
44479
15921
19322
22874
5436
3640
23649
26621
23327
40236
41240
34326
18901
16137
6782
12593
16140
41999
1501
31394
7330
41701
27121
37086
45272
42351
18950
39825
38680
33780
37422
24956
19934
44909
25940
43187
20436
11768
3931
17411
26337
3761
39372
35248
1529
28185
34642
2559
9184
1652
33516
45866
10961
11210
31471
15927
33622
2176
36872
10406
29020
23653
87729
17791
9819
37402
44628
46589
40766
11488
86812
25688
34204
39756
40860
47004
2297
87419
45252
30079
28216
40164
46434
16379
34949
46132
46692
19595
46342
13479
4179
15900
17030
87009
28032
36901
42670
15012
38570
22961
24731
33959
26794
9587
15343
24665
7995
16983
18008
45928
77126
39950
26413
37418
19491
43033
87473
11275
18050
41065
34318
15732
16404
89053
42425
38878
4609
19400
42961
33130
38367
466
28265
30865
47026
32604
7750
16603
7275
8064
45063
41622
40157
21150
32573
25488
10257
24891
23665
27700
8660
89143
38194
2928
7106
16855
35350
4267
10007
38212
66588
18214
22251
36126
4157
30315
8121
34256
3184
10280
29731
9363
19350
31940
38716
20664
23340
26376
41405
31592
20428
6927
30664
16807
10790
15487
32479
42477
38182
19688
25349
45031
62671
35641
39873
33822
9014
11875
11662
25222
9440
36368
246
38226
2945
15172
23164
39522
20183
8315
37233
28246
21585
13751
16846
25563
77861
10937
36550
33700
10994
37028
43559
23048
2355
38677
31167
61154
920
31186
28077
46844
41443
4661
33498
20226
44437
28140
35034
2577
141
6480
31822
15384
16240
15291
71993
297
18104
21257
19241
21230
27974
33560
81
30266
7669
12530
15962
18273
24625
6619
24507
19022
6171
18437
19194
21071
35429
4819
27988
9171
18356
25402
5871
42074
39215
26022
46446
39245
17717
10545
39877
5298
8763
23560
45191
5466
6441
37361
26169
10630
10844
29093
20146
38244
8675
39236
20439
35274
38681
30407
39259
20448
41248
4585
32621
40181
20745
23289
15368
46394
8585
46808
34496
41325
31357
28190
87093
6353
39954
74184
43232
41766
25803
22078
15730
33445
24663
7798
26587
9793
41878
34952
11666
6538
832
8751
43321
28401
5717
17821
42307
34839
28017
67287
34539
43137
20548
42765
7846
24640
45132
25875
43062
38127
8054
14735
17545
1763
29079
6669
7980
6509
41247
33077
24363
16145
27374
6824
37313
1813
6771
8503
6252
15263
40223
12492
36014
8245
4049
36503
11312
8914
41035
10268
10754
22685
15130
14249
88558
20181
20246
8470
3842
15178
8292
83128
31598
41729
12846
16859
1692
4124
37212
19589
21940
43828
27956
25595
83416
35438
13119
27692
39484
13571
180
13098
25039
84957
20386
46850
24246
840
43238
85218
29161
95
43158
28454
9847
15209
29460
19442
25474
15043
2374
44455
43218
6028
71745
29012
13813
22802
39767
45666
45101
22974
3498
23564
39631
30102
8212
27289
8931
30949
25510
27904
11661
18960
9182
37605
82410
24228
8238
29937
11123
6134
37198
40280
44492
46215
2548
13270
65879
12731
1042
24786
34817
5763
2243
34012
28842
26276
4908
18931
88742
18629
1976
29444
4328
12829
23240
1924
15017
30457
15154
23475
24187
12413
44062
21689
4874
23061
36590
8202
89520
38177
44482
22818
13743
32401
26142
31726
31324
3402
45005
2618
37506
88948
87248
43535
1345
41017
3020
13166
15499
1570
42990
34719
7136
40893
11125
24914
40594
4663
3716
9168
14586
19974
69659
12394
4182
2000
47195
34623
2778
37324
662
19359
26998
13965
11114
555
14441
20151
37535
12536
25761
18202
13
27602
5990
47219
17389
33261
38550
3923
71443
18732
15573
10244
40757
45425
1370
5029
42636
22189
42156
13109
45622
34604
10171
1099
29927
22672
38536
66207
34738
12945
1751
24587
26469
40226
24037
33111
2489
3882
86121
89070
46624
86703
89170
3432
11453
12034
34207
25258
21106
14514
20413
3477
18807
28424
24845
36214
4527
47519
28245
23030
6787
3916
3425
21332
23311
37005
41561
33080
10455
22919
69520
89753
11701
5113
5116
41466
11918
12744
20459
22838
5976
25253
37373
36011
35156
46695
26570
25601
44546
26173
6357
38784
21833
45918
23978
36222
42279
19669
20073
32419
37206
20303
40715
7103
41920
18178
5689
86869
39007
3407
46423
30831
9275
22585
22917
29613
15992
19059
25445
61787
5815
186
43176
15998
15495
32214
34148
4977
23753
30638
1826
4471
46493
15133
46179
43216
146
17584
5687
5872
6758
39913
8201
29042
43488
46785
1779
32501
13350
8094
15264
3816
9148
24867
32544
8103
37711
29782
22395
16024
34783
6498
30319
28886
37810
43522
13206
34194
39716
10963
43372
45681
34129
12787
1862
10010
12944
3903
21031
15352
13709
25440
43993
23735
22281
17379
28698
32876
75987
45857
3731
30485
15682
23707
27329
41528
33816
11146
16624
42312
11079
13756
20500
15269
27453
8311
42875
39895
44965
25077
37973
10353
47202
44562
13920
15331
2006
45130
19797
33419
40267
80366
25684
5132
19222
11121
21399
251
28914
5865
36692
33841
25308
34301
26306
6279
6341
41172
9064
10093
26311
35711
40194
27165
8694
47048
62018
6356
17132
32259
10644
8337
23332
8863
12469
29726
42399
20092
13052
5720
31120
25890
27098
18
13539
5464
17532
15670
12329
10385
37679
12320
32801
47310
36112
17529
4745
345
11652
24487
16303
17876
5991
41583
5328
27508
21488
8913
22653
5684
34650
36579
36481
31071
12001
33090
77
21569
34608
9375
5201
76940
39565
25889
13535
42564
88013
14369
6189
28559
16814
4589
2860
27891
971
13063
42291
7579
22231
13132
23851
16775
28505
28172
43747
38967
27721
15481
8190
11507
22312
1746
30474
88838
1534
79880
29011
13060
86259
46335
5256
38580
24218
79275
88144
77543
11684
42811
27644
15640
3644
20506
4833
1966
22367
7321
35448
86297
26151
17709
5903
42192
22791
25224
275
28350
27267
18977
33819
89221
33353
17034
20405
7696
87808
4030
85280
9393
28578
19370
5980
15431
32509
45402
40873
30750
5334
9806
18679
26964
4116
28138
24534
2462
27631
82553
37862
25411
2521
30591
32776
40765
21203
314
36218
72882
86498
23097
23655
46045
33270
33980
80029
15466
35878
11380
78193
41291
25864
47571
2127
1406
23225
8646
45977
78653
24811
23085
2087
39583
19142
69837
19806
78084
14935
26668
22579
9298
1125
26723
42181
22688
26906
32934
41117
41554
5996
396
8062
36918
32782
73953
13629
9838
1018
3167
39257
28353
24958
11452
4875
11575
41957
28596
30972
17329
40768
26651
8614
46750
18225
1240
7345
13189
42263
42191
978
26244
31225
40849
21229
30438
18282
23967
8901
38039
47499
41704
36508
22995
70927
30502
19281
18924
43633
11113
18845
2987
39370
42136
4010
27157
30768
42716
13304
25812
40986
10518
29795
35115
37148
44011
294
34938
13403
24975
14006
468
46745
86764
16962
20190
13313
2932
13146
16214
8399
46256
21713
8421
1500
44968
16587
29247
16454
20702
20210
25185
17699
30803
26894
13527
17111
17636
29825
34456
8906
47452
46749
40532
43245
77123
31896
37539
8289
44915
84713
10067
45487
20240
28977
30563
47146
30894
22814
38758
12347
3390
26555
8472
36279
5866
21829
23422
27007
20077
14134
5020
28122
39474
39121
6038
5313
31926
27260
1097
35975
28910
25388
16205
69302
8486
33267
45728
34361
42038
46681
20822
20894
2067
37742
15882
47265
39148
38181
47083
28043
5367
19571
21926
33854
44014
361
40031
25869
21822
40577
12258
9504
31101
31259
26401
21053
38636
31438
6056
37150
20760
13903
78663
32497
42659
19462
35052
4997
47232
22162
1827
87146
28709
44742
15006
17363
13336
21408
4711
6089
43740
14557
6365
20371
11438
85452
28106
34974
11209
33104
2188
23461
27017
4498
21720
33240
31535
6230
47460
45479
14159
17349
30249
32594
44306
45988
44339
33742
38343
22709
30585
33865
12832
26206
30256
41346
33856
43877
31732
61286
32163
22860
45888
88750
41568
2439
46117
45896
3549
41059
46906
32141
26802
22278
1313
8610
22249
17319
38732
32140
29593
25584
11914
44978
18346
19291
7836
10679
21599
21993
84055
18263
11625
35347
24109
21252
21250
22469
44063
32637
38694
21808
3993
19457
43670
812
85065
24668
18714
34759
28283
22454
17459
5337
10641
6348
20706
88552
14063
46341
15561
2293
15110
2208
5264
39625
30596
20321
41917
72492
38219
21014
26118
45017
13594
11805
5117
87533
17080
578
26899
23808
18448
15233
84471
41767
44565
20435
39561
40910
38480
42992
88472
38720
18220
46543
18562
11992
36888
29229
11926
16894
14451
34314
15022
6086
19514
7250
16571
14167
2726
5912
8140
3148
13079
46324
37089
36835
35618
7815
16779
36942
76025
12691
19788
25574
13829
23359
31390
12877
25639
84835
19449
8107
14082
17343
6409
14076
29671
32830
38391
23870
22834
29972
8508
11981
15067
15579
13747
6893
37643
88082
26934
16756
480
18467
39451
30718
8500
38161
86898
43808
5594
24513
34913
38176
71049
18902
21423
34573
16371
84535
16842
33578
22430
2387
12308
28137
80422
43892
25608
41617
10424
7221
23316
22113
81150
38774
18878
12854
87985
43618
15245
46048
8657
2017
10515
23562
46034
13195
14291
10896
38771
1651
44417
13097
30422
5759
23747
41206
13041
26971
12339
11772
10233
28063
30225
40081
44123
29523
40451
26764
29367
1446
4738
45104
7370
35356
41644
36928
44876
35521
62305
17657
5441
27343
35576
32209
39232
16275
36735
18662
772
4257
38248
42
26492
37529
3071
59
