33118
6576
65211
26581
4864
65605
60281
19579
3181
42469
84708
12662
21895
28329
16715
25777
9813
26762
39886
64997
40442
39688
24270
62696
46521
1613
21499
13323
725
25448
3792
39745
4158
77309
29906
75018
81325
24706
63009
46857
33218
76821
26575
18188
15251
22523
10272
1301
40147
42789
730
38150
1633
19679
15794
39291
73880
14003
35605
81715
1723
17000
20268
33990
82695
81013
24133
8567
24715
21939
12129
19051
73393
26125
19092
15759
22029
17961
23089
33694
4070
61177
43403
39554
45905
7074
35289
24750
24314
65135
17583
4136
5416
65395
31011
4169
65114
85256
38566
632
9634
32380
12713
6524
7935
20931
7467
19406
2407
74964
4688
16659
2672
35097
37498
37465
75098
39910
87501
23686
38719
21594
46556
7994
5210
12045
19188
89458
14658
3831
40914
22916
19427
6128
66928
8903
78008
15548
9472
14001
45972
86277
15289
17632
25821
46449
61370
14831
37832
77504
12865
3596
14697
27987
81381
72655
14808
42197
87134
39903
19942
41659
88115
65774
15047
41931
16643
35802
6046
28858
15203
89314
27434
26643
143
30433
68137
68755
43262
17511
32669
84389
18993
36870
25747
70758
497
43108
20659
41824
86572
75672
11459
74364
73190
2571
20165
22572
42085
40867
22161
32025
24618
34265
34052
35332
40865
43879
356
17285
27989
37874
21214
16353
47309
29370
46873
44488
45495
5164
1259
74700
77909
75910
38988
64318
11315
26590
16810
35435
42809
80624
71812
3494
84562
41050
25491
30456
30147
86968
41309
22284
73485
12083
73374
39761
86887
35211
5170
33106
78519
17654
24386
74154
76689
40748
39375
13805
9055
2471
20310
42060
84451
19732
32860
69011
85209
38151
69774
64445
67108
38648
13905
72435
81349
3038
74666
14890
23374
2446
42195
10404
7844
38409
38193
39353
45448
34079
84612
17075
75198
6135
46029
22183
3119
38068
7349
38222
31614
77593
72361
7202
14202
10036
77939
72675
39934
3700
6638
28368
39728
31513
75628
28085
36140
26743
30031
40399
44165
74566
84815
28975
40596
30782
9349
12875
36414
15958
1079
62168
74472
12211
30465
20731
83560
12355
37333
10478
25961
42592
7932
84001
23554
18409
26886
83485
83615
3531
24097
69478
13700
6222
7351
3838
84270
41133
78022
9003
8155
38072
14068
39235
63347
85238
31201
16635
3949
14103
33776
19924
37444
5287
16079
72434
67154
30151
60991
1284
8635
17604
75186
87169
39557
5352
81779
29204
43170
313
15912
11731
18081
7703
88336
80220
3763
75036
17633
78956
38280
13636
10483
16538
23381
6476
35371
45201
47306
47396
43508
42208
3036
31415
37478
10334
545
19894
31988
1068
2796
7009
38782
26642
13669
63397
7458
9233
72454
19756
7087
64039
44072
9861
10147
44428
7871
25262
80185
10975
42746
23822
29032
24951
22000
43732
29580
43539
21289
37519
21300
69955
76169
47597
76602
7950
13371
19866
21247
9760
86579
72574
32768
45308
14707
20201
45211
84631
11301
74502
84710
69199
41165
43386
86522
24111
19030
70338
43857
61235
31447
41835
76865
85771
25259
46994
31585
10249
60718
42903
23801
73367
34730
47044
7184
1342
80474
30200
33450
46173
41288
41460
26529
38061
78764
67385
9258
12016
45456
75561
64192
42787
41265
19799
10812
31078
15624
22140
14293
65631
34960
6440
9902
39211
29377
84684
17191
64383
62249
10085
60908
5918
28850
6587
20484
40312
23131
2647
29351
5610
24088
45565
42764
21084
24404
35989
17965
34036
27183
21173
27725
7865
7311
21268
21130
70832
62067
19089
45935
21844
42855
18588
46035
45007
6076
38213
33351
42822
40434
64905
30571
69031
75351
2437
33637
523
11665
21996
18285
22966
8688
39074
31172
9538
65460
41034
45067
32012
82512
33675
27438
72968
5697
41593
64051
2508
47415
41500
8136
23611
24429
5279
68731
34609
19254
19754
8579
8339
5829
12866
43207
20145
76759
19537
22545
35007
33060
1248
3898
45832
3007
27032
6987
17614
41300
31309
70223
46864
333
5495
36842
86741
6367
21045
62546
27706
17762
29338
65151
67424
13692
9474
80298
41041
12754
18610
83011
70667
19614
64544
22781
47211
69917
84563
87665
4263
2373
10649
26984
21836
40241
38876
37686
21140
74084
81821
9763
30699
82140
12858
6081
24096
64812
78905
40537
14968
68638
31842
10759
31640
74088
7700
84233
1139
85163
6805
43094
36314
84941
25587
73307
42427
32650
15599
70456
61670
37818
22819
27243
83922
25266
41880
32570
5007
37855
20016
64184
33029
30214
23160
41574
87080
86538
42646
30950
28006
34785
16746
399
15102
32888
76302
44647
69771
31991
71273
2812
19742
37027
66629
621
37262
75126
19893
17466
41979
44720
20648
30277
24124
37078
45088
27148
43392
6244
12715
3742
36051
74513
34008
26247
44294
9246
34272
25550
37173
29158
29409
11583
22405
39852
43453
83066
24747
440
26188
7794
24425
32009
11709
60651
79872
1185
21102
47371
656
21806
87495
16536
8341
78571
82071
24511
5233
27679
11909
9714
79365
4056
20155
12103
10693
11425
39917
23138
5492
11226
79447
21591
22258
70891
47426
35721
21085
74764
47363
27218
12266
23110
25040
14098
41184
4667
6054
30908
19662
43444
34943
75221
20383
5919
8255
30365
41357
20267
69672
47036
30852
22820
76303
19597
69219
44979
19578
46415
6294
62767
71771
13584
83472
35752
25806
44827
61494
37523
11133
86835
5901
10329
20838
38805
70722
4961
12041
38895
33522
80138
18227
41546
7410
39898
15773
69296
35613
79539
88193
38364
65412
80611
80
18120
31663
21090
27398
23959
35186
47120
7332
9319
86645
24512
37714
42543
9732
69997
38174
5562
67875
13255
88103
17234
8780
33986
32778
33715
74373
42771
87237
66850
62561
30103
37029
69606
60986
86326
17625
43668
86719
64941
18537
1603
80847
84373
16710
46597
23836
22146
8264
31462
21924
61911
45754
28432
64005
8369
13306
83570
88780
14878
73754
43568
24420
69186
4820
88824
6630
15954
45478
4474
41520
22492
70781
13683
26624
11638
28762
68905
74984
22180
24837
15493
69543
13021
80135
27187
44736
19733
44025
80923
3745
10763
11328
21077
33632
73948
35080
30118
27780
23059
66151
73557
71251
27391
68762
6905
88289
2665
6724
28725
20829
25895
77613
22728
60245
38807
29328
4696
63818
26392
11782
8188
73150
37737
26565
42501
5660
35122
33467
12011
46467
44310
70852
5749
47432
7151
62800
28621
86234
47131
87999
21103
3421
24776
26914
5677
40702
35663
87768
5735
2744
1765
79285
30639
19468
34954
13354
14199
2685
951
359
33092
11651
77083
4299
60187
20250
65743
25138
15874
37071
42001
40186
27263
15648
12401
10733
35662
63697
22353
34924
23483
26026
17578
23867
66332
25926
67399
23017
78423
27811
13849
69710
22420
5432
31795
28565
62121
70990
15777
21664
45396
11821
11682
18748
41083
2813
43197
20959
21134
45261
86344
42631
2838
21265
63507
18224
31950
15046
26161
37284
11007
44024
29330
816
13975
24836
520
21220
22683
64000
33645
41589
84216
31605
71410
21070
19828
45429
34093
84024
71190
27854
29405
61021
47471
38982
8946
41149
4545
29288
77818
14313
11355
64889
68306
10680
16669
13742
43424
10531
80279
38748
66233
12871
12238
64356
9040
30814
64418
9805
38225
65698
30002
47253
8536
41803
3581
16582
69048
41480
18261
28212
27600
76850
23576
22009
32924
41566
3406
60772
88367
5604
37668
67472
13715
12253
31371
60661
34824
71550
31449
7228
38806
43316
32277
73815
37769
46208
17623
7854
46636
35775
40579
75327
17180
8118
30254
77420
9469
46576
39360
22997
38066
47158
69958
25284
2324
85457
1165
20694
24630
38974
36523
77701
22293
88561
63739
75852
7046
20982
17424
31634
65119
68838
44458
5586
79493
2472
30862
5066
34628
66377
8996
23445
47216
24342
11572
28217
39853
836
34704
88254
47537
14993
85394
78736
42509
23303
64018
14110
27524
68018
22924
76043
42770
44021
16413
11754
42601
30780
81934
8426
31434
27889
76696
9001
25828
6956
22187
28560
21153
10743
22666
7910
22575
40470
18539
35638
27324
35602
86077
74755
45954
19575
14776
33502
12325
66254
6177
82891
2137
67831
11021
1179
7726
26785
38532
43786
87690
32932
6778
35323
3701
29494
39619
16701
35252
32096
47256
31675
2897
6726
25338
21574
19318
39870
45165
7914
18674
7756
68659
19506
39815
17003
34341
80737
77556
60635
37642
10129
26050
3009
11794
34141
25162
32267
81712
12941
77334
71299
45575
40804
27965
39970
24945
84039
85900
21304
45593
37538
16819
6173
38978
23020
44886
25425
2533
6429
73586
21695
24388
36436
86996
66007
22513
60173
5483
13870
31861
4374
45537
14918
1274
39053
60858
10936
5807
31391
2232
78297
32762
46951
14087
36908
21313
23660
89792
14510
40851
20225
74714
74236
3403
41272
31551
6680
68117
37448
36571
68079
24367
7745
87430
6528
6670
14230
5715
884
68947
37184
34876
3427
46661
44023
20532
8180
6451
66824
25239
9309
61181
4467
23033
38458
6249
4140
10494
26307
63597
36738
31271
46030
62189
33897
76061
36629
4370
41369
29638
15037
20158
11526
13328
28276
18078
64749
39568
20356
8711
72937
12152
44724
81426
69227
14423
31151
2612
43528
10196
7808
72425
39613
84767
15727
33635
10555
19646
33186
808
28588
87262
63491
44270
28876
61539
76266
34424
38091
716
30443
8283
75417
27800
32415
9823
8714
27282
7773
25295
2856
536
37416
9430
42927
970
41538
27344
23367
76257
27966
32668
59916
22933
38700
13427
36468
83250
22448
3567
47054
76079
40928
69554
4016
29641
89645
44247
5696
36283
14570
34347
21728
68733
73382
2762
34859
11093
63783
36496
62949
37619
80051
3822
6187
41755
34846
18399
72963
293
15511
70683
8871
29652
36389
21973
44967
8360
76672
78049
80977
28953
68843
28062
7227
85689
34403
13761
5243
63484
31692
70255
30981
12350
38010
17727
61032
45507
19405
6591
25047
68879
82
46803
4284
30033
26441
46862
9211
41630
16917
28626
1373
29554
36147
68146
26280
89476
37876
74457
6800
38223
8581
88584
64105
13004
9216
32734
4048
31999
60523
70803
40614
21477
11444
31744
40381
22287
17166
32598
24948
19531
66087
32965
14222
15310
10625
14920
27962
8415
40463
42166
22543
45122
24072
70032
62601
25092
44323
8099
21798
7517
14646
14081
70981
1729
34410
21899
22014
24813
88670
26442
5936
7791
23502
22211
27422
34881
15088
9220
81682
86821
23904
74214
46652
1417
84665
34622
40704
22867
30115
9049
65488
17106
65604
15202
23491
27672
16401
39550
28701
22986
36710
68273
61312
845
64221
27737
9438
70258
11502
31269
17535
23013
47138
1736
17222
47552
14952
63340
40089
20493
60229
42798
16543
18635
43658
9207
1823
60852
85222
68809
73216
38255
1656
84121
10808
34991
34995
16320
34584
15026
23403
44741
27640
43350
85986
23992
25573
12212
33758
40053
67176
33866
46670
14030
20865
38862
26774
19741
12302
85859
3619
90
12543
14137
10542
24012
80703
9111
18347
8989
44566
46548
75885
19054
18130
34530
76012
61721
12073
39388
8672
12876
1890
21780
17091
32089
38379
89
15234
35971
62804
85155
89305
39959
80376
34632
38624
21751
79977
11811
3283
37901
6785
14257
9983
28595
73405
20068
75685
38069
16294
7364
41760
3885
35500
46135
16495
68253
26750
43083
25519
7394
77523
6149
9006
29077
10437
45148
40107
28603
40538
258
17386
33314
72010
26076
79300
64947
21406
10757
65758
29635
83629
27807
26077
11839
8854
7981
5599
14012
21871
27948
37572
16662
25908
83271
3073
83296
22222
62926
68376
29591
32201
17891
35978
61497
33861
1536
43058
81130
36679
37828
46028
13157
77832
20196
2215
77795
17419
67505
75567
7443
87465
45773
40724
31006
80090
22302
68533
115
69052
72683
68791
67454
9826
3602
40558
17177
72694
5756
64488
18699
39421
37411
29173
3300
1478
23988
16845
64134
20243
747
27597
16070
25769
47456
5081
13559
13006
19078
32614
26455
4076
26350
36625
44755
74342
38755
21704
35651
34293
8720
76455
83110
25057
28064
46622
10659
40275
72122
38987
11430
27326
34500
18725
10970
8490
60870
26482
16713
80340
3456
29257
43663
23952
15837
45623
33543
7169
24516
47514
65238
80386
70116
8615
43014
23495
16759
29202
60373
27090
72238
11129
10045
80045
10950
7537
46476
19542
43084
86746
29038
35343
40968
31546
40983
5501
81522
36157
23094
35842
41045
18563
79589
44645
20713
30635
9020
16501
5249
2394
27693
2310
8818
42531
31658
33989
29046
47374
500
45957
178
31626
13908
60862
36093
64876
32167
81365
7125
22007
66882
34765
30064
27876
37536
61305
83465
33901
38565
42114
40286
69233
41126
9481
4672
4601
990
20591
87171
810
47580
34136
46547
13216
72525
13000
45168
40382
44740
9658
32092
65110
67262
12995
75291
5832
27792
16577
36286
84591
22769
43455
22782
64750
19429
73741
26145
28584
33084
16106
65115
72762
77289
30297
22257
10727
21731
26225
5518
3333
10878
84081
45578
8735
41151
38267
17651
17229
19555
13557
5834
83973
45858
72532
43373
17507
2989
86980
30517
70208
87083
16087
17448
27257
35388
21027
60182
31202
34453
13335
43897
31541
8115
70996
44749
11904
41471
74975
38894
46290
72732
30827
87276
63878
1196
15576
46140
38701
27200
23580
46574
26215
70956
36205
10890
2295
35126
76996
35276
73025
12090
67404
86355
43557
83665
40227
9641
73260
14496
47370
9259
31591
33664
87873
9478
14332
37692
69991
6938
32754
89010
75707
29083
69192
22364
10648
41549
9574
6978
13928
80995
77426
39744
13407
33693
33738
62831
29415
21650
35002
88445
11254
42910
29816
987
2495
37624
86380
4831
12815
25430
33321
87648
20227
28225
11010
65475
15184
1145
7408
41842
62153
957
69139
29533
68239
7461
32152
77765
28673
6469
39170
36707
3555
36216
15200
34491
62600
65703
7361
150
45673
26266
87125
81792
3907
22327
85656
14414
43963
35710
13281
36427
7943
27958
9371
87773
15550
9555
26250
20793
16541
24106
10712
14102
62165
25993
20687
835
26121
8786
20901
4798
34779
80394
15802
1877
71467
12473
41384
26017
34176
13278
20407
30918
19412
26857
19282
11670
20662
12123
10956
45073
39234
9792
39546
75886
33039
78959
7128
70392
20076
30177
2836
17065
25054
81813
6966
65881
19545
1224
32441
8680
992
27031
5845
15749
1046
36366
3271
13730
13324
44992
8976
37512
10584
5802
64770
83909
5356
9525
13782
34382
9456
78646
19065
69922
37721
28475
73735
33269
42430
31711
74141
8916
42753
83685
2628
85802
42091
28386
64349
14767
85666
88596
63164
47060
66063
45869
14518
31388
38282
41004
14980
28455
2740
39405
25113
9461
11412
16395
10638
13093
85867
9384
11664
80167
83584
21187
8807
15519
43845
71840
33231
82009
16216
11602
61788
75241
71585
74536
14126
3686
45779
9701
24339
14250
13697
29231
27596
1686
74475
34384
37856
24538
22996
8677
8799
6769
8401
15983
8454
87892
16666
87846
66864
16852
45254
30088
44453
12035
32515
65561
1157
2793
23239
76664
36270
44184
81866
44238
6016
87505
76985
36515
80350
39028
19125
61940
7562
9160
42406
32005
26182
31722
23532
88496
84029
88604
13754
43754
72186
39652
79268
27794
65899
18064
11512
40682
68369
47437
18868
30781
42588
22828
13838
65779
64643
23065
